## Figure for long run evaluation | PersonData scenario
# Long run evaluation
self.results_Plain_S1_long=[99.66666666666667, 101.66666666666667, 115.0, 132.33333333333334, 176.0, 301.3333333333333, 517.0, 887.0, 2246.3333333333335]
self.results_CD_S1_long=[107.66666666666667, 121.0, 122.0, 145.33333333333334, 189.33333333333334, 317.3333333333333, 545.6666666666666, 957.3333333333334, 2398.6666666666665]
self.results_Plain_S2_long=[35.333333333333336, 36.333333333333336, 40.333333333333336, 50.0, 61.0, 105.0, 175.66666666666666, 334.0, 847.0]
self.results_CD_S2_long=[52.666666666666664, 48.666666666666664, 50.666666666666664, 59.666666666666664, 73.0, 110.0, 183.66666666666666, 337.3333333333333, 830.0]
