## Figure for comparing Uniqueness Constraints vs Indexes | FlightHotel scenario
# Comparison of alternative implementations
self.results_Sep_long=[136.33333333333334, 150.0, 153.66666666666666, 180.66666666666666, 230.66666666666666, 367.3333333333333, 679.6666666666666, 1239.6666666666667, 2649.3333333333335, 5272.333333333333]
self.results_Plain_long=[148.33333333333334, 139.66666666666666, 145.33333333333334, 177.33333333333334, 221.66666666666666, 367.6666666666667, 628.0, 1125.6666666666667, 2716.0, 5517.333333333333]
self.results_Sep_long_UC=[86.33333333333333, 101.33333333333333, 103.0, 134.66666666666666, 201.0, 394.6666666666667, 710.0, 1285.0, 3219.3333333333335, 6588.0]
self.results_Plain_long_UC=[91.33333333333333, 89.33333333333333, 121.0, 144.0, 221.66666666666666, 392.3333333333333, 795.3333333333334, 1488.3333333333333, 3418.3333333333335, 6805.666666666667]
